0.0000000000
0.0827115234
0.1581154443
0.3020519761
0.4174700213
0.4334326011
0.4555846047
0.4759805596
0.4949299248
0.5126938415
0.5294442765
0.5453019760
0.5604198271
0.5748816439
0.5887786904
0.6021187933
0.6149414828
0.6273316885
0.6393264970
0.6509312871
0.6621557440
0.6730390594
0.6836122516
0.6938814718
0.7038659572
0.7135929995
0.7230631387
0.7322745773
0.7412353044
0.7499692958
0.7584843555
0.7667896305
0.7748950147
0.7828043136
0.7905153041
0.7980228103
0.8053573822
0.8125114326
0.8194871077
0.8262948326
0.8329439905
0.8394223115
0.8457281393
0.8518894197
0.8578987510
0.8637518690
0.8694578370
0.8750089288
0.8804239459
0.8856974349
0.8908316950
0.8958277182
0.9006816340
0.9054124529
0.9099991497
0.9144616482
0.9187925702
0.9229869356
0.9270751932
0.9310160451
0.9348401600
0.9385503936
0.9421433273
0.9456153979
0.9489672026
0.9521916739
0.9552989061
0.9582993141
0.9611925947
0.9639691384
0.9666238920
0.9691751239
0.9716235376
0.9739609242
0.9761859502
0.9783080991
0.9803266972
0.9822340791
0.9840464247
0.9857575982
0.9873590157
0.9888574281
0.9902642189
0.9915733344
0.9927778937
0.9938895922
0.9949155498
0.9958290495
0.9966495569
0.9973888505
0.9980352303
0.9985811479
0.9990319888
0.9994090976
0.9996929513
0.9996939618
0.9996949686
0.9996959717
0.9996969710
0.9996979666
0.9996989586
0.9996999468
0.9997009314
0.9997019123
0.9997028896
0.9997038632
0.9997048331
0.9997057995
0.9997067622
0.9997077214
0.9997086769
0.9997096289
0.9997105773
0.9997115221
0.9997124634
0.9997134011
0.9997143353
0.9997152660
0.9997161932
0.9997171169
0.9997180371
0.9997189538
0.9997198670
0.9997207768
0.9997216832
0.9997225861
0.9997234855
0.9997243816
0.9997252743
0.9997261635
0.9997270494
0.9997279319
0.9997288111
0.9997296868
0.9997305593
0.9997314284
0.9997322942
0.9997331567
0.9997340159
0.9997348717
0.9997357244
0.9997365737
0.9997374198
0.9997382626
0.9997391022
0.9997399386
0.9997407717
0.9997416016
0.9997424284
0.9997432519
0.9997440723
0.9997448895
0.9997457036
0.9997465145
0.9997473223
0.9997481269
0.9997489285
0.9997497269
0.9997505222
0.9997513145
0.9997521037
0.9997528898
0.9997536729
0.9997544529
0.9997552299
0.9997560039
0.9997567749
0.9997575428
0.9997583078
0.9997590698
0.9997598289
0.9997605849
0.9997613381
0.9997620883
0.9997628355
0.9997635799
0.9997643213
0.9997650599
0.9997657955
0.9997665283
0.9997672582
0.9997679853
0.9997687095
0.9997694309
0.9997701495
0.9997708653
0.9997715782
0.9997722884
0.9997729958
0.9997737004
0.9997744022
0.9997751013
0.9997757977
0.9997764913
0.9997771822
0.9997778705
0.9997785560
0.9997792388
0.9997799189
0.9997805964
0.9997812712
0.9997819434
0.9997826129
0.9997832799
0.9997839442
0.9997846059
0.9997852650
0.9997859215
0.9997865754
0.9997872268
0.9997878756
0.9997885219
0.9997891657
0.9997898069
0.9997904457
0.9997910819
0.9997917156
0.9997923469
0.9997929757
0.9997936020
0.9997942259
0.9997948473
0.9997954663
0.9997960829
0.9997966971
0.9997973089
0.9997979183
0.9997985254
0.9997991300
0.9997997324
0.9998003323
0.9998009300
0.9998015253
0.9998021183
0.9998027090
0.9998032974
0.9998038835
0.9998044674
0.9998050490
0.9998056283
0.9998062054
0.9998067803
0.9998073529
0.9998079234
0.9998084916
0.9998090577
0.9998096215
0.9998101832
0.9998107428
0.9998113002
0.9998118555
0.9998124086
0.9998129597
0.9998135086
0.9998140554
0.9998146002
0.9998151428
0.9998156834
0.9998162220
0.9998167585
0.9998172930
0.9998178254
0.9998183559
0.9998188843
0.9998194108
0.9998199353
0.9998204578
0.9998209783
0.9998214969
0.9998220136
0.9998225283
0.9998230411
0.9998235520
0.9998240610
0.9998245682
0.9998250734
0.9998255768
0.9998260783
0.9998265780
0.9998270758
0.9998275719
0.9998280661
0.9998285585
0.9998290491
0.9998295379
0.9998300250
0.9998305103
0.9998309938
0.9998314756
0.9998319557
0.9998324340
0.9998329107
0.9998333856
0.9998338589
0.9998343304
0.9998348003
0.9998352686
0.9998357352
0.9998362002
0.9998366635
0.9998371252
0.9998375853
0.9998380439
0.9998385008
0.9998389562
0.9998394100
0.9998398622
0.9998403129
0.9998407621
0.9998412097
0.9998416558
0.9998421005
0.9998425436
0.9998429853
0.9998434255
0.9998438642
0.9998443015
0.9998447373
0.9998451717
0.9998456047
0.9998460363
0.9998464665
0.9998468953
0.9998473227
0.9998477488
0.9998481735
0.9998485968
0.9998490188
0.9998494395
0.9998498589
0.9998502770
0.9998506938
0.9998511093
0.9998515235
0.9998519364
0.9998523482
0.9998527586
0.9998531679
0.9998535759
0.9998539827
0.9998543883
0.9998547927
0.9998551959
0.9998555980
0.9998559989
0.9998563987
0.9998567973
0.9998571948
0.9998575912
0.9998579865
0.9998583806
0.9998587737
0.9998591657
0.9998595567
0.9998599466
0.9998603354
0.9998607233
0.9998611101
0.9998614958
0.9998618806
0.9998622644
0.9998626472
0.9998630290
0.9998634099
0.9998637898
0.9998641688
0.9998645469
0.9998649240
0.9998653002
0.9998656756
0.9998660500
0.9998664236
0.9998667963
0.9998671681
0.9998675391
0.9998679093
0.9998682786
0.9998686471
0.9998690148
0.9998693817
0.9998697479
0.9998701132
0.9998704778
0.9998708417
0.9998712048
0.9998715671
0.9998719288
0.9998722897
0.9998726499
0.9998730095
0.9998733683
0.9998737265
0.9998740841
0.9998744410
0.9998747972
0.9998751528
0.9998755078
0.9998758622
0.9998762160
0.9998765692
0.9998769219
0.9998772739
0.9998776254
0.9998779764
0.9998783269
0.9998786768
0.9998790262
0.9998793751
0.9998797235
0.9998800714
0.9998804188
0.9998807658
0.9998811123
0.9998814584
0.9998818041
0.9998821493
0.9998824942
0.9998828386
0.9998831827
0.9998835263
0.9998838696
0.9998842126
0.9998845552
0.9998848974
0.9998852394
0.9998855810
0.9998859223
0.9998862633
0.9998866040
0.9998869445
0.9998872847
0.9998876246
0.9998879643
0.9998883038
0.9998886430
0.9998889820
0.9998893209
0.9998896595
0.9998899979
0.9998903362
0.9998906744
0.9998910123
0.9998913502
0.9998916879
0.9998920255
0.9998923629
0.9998927003
0.9998930376
0.9998933748
0.9998937120
0.9998940491
0.9998943861
0.9998947232
0.9998950601
0.9998953971
0.9998957341
0.9998960711
0.9998964081
0.9998967451
0.9998970822
0.9998974193
0.9998977564
0.9998980937
0.9998984310
0.9998987684
0.9998991059
0.9998994435
0.9998997813
0.9999001191
0.9999004571
0.9999007953
0.9999011336
0.9999014721
0.9999018108
0.9999021497
0.9999024888
0.9999028280
0.9999031676
0.9999035073
0.9999038473
0.9999041876
0.9999045281
0.9999048689
0.9999052100
0.9999055514
0.9999058931
0.9999062351
0.9999065774
0.9999069201
0.9999072631
0.9999076065
0.9999079503
0.9999082944
0.9999086389
0.9999089839
0.9999093292
0.9999096750
0.9999100212
0.9999103678
0.9999107149
0.9999110625
0.9999114105
0.9999117590
0.9999121080
0.9999124576
0.9999128076
0.9999131582
0.9999135093
0.9999138609
0.9999142131
0.9999145659
0.9999149193
0.9999152732
0.9999156277
0.9999159829
0.9999163387
0.9999166951
0.9999170521
0.9999174098
0.9999177682
0.9999181272
0.9999184869
0.9999188473
0.9999192084
0.9999195702
0.9999199328
0.9999202961
0.9999206601
0.9999210249
0.9999213904
0.9999217567
0.9999221238
0.9999224917
0.9999228605
0.9999232300
0.9999236003
0.9999239715
0.9999243436
0.9999247165
0.9999250903
0.9999254649
0.9999258405
0.9999262169
0.9999265943
0.9999269726
0.9999273518
0.9999277319
0.9999281130
0.9999284951
0.9999288782
0.9999292622
0.9999296472
0.9999300332
0.9999304203
0.9999308083
0.9999311975
0.9999315876
0.9999319788
0.9999323711
0.9999327645
0.9999331589
0.9999335544
0.9999339511
0.9999343489
0.9999347478
0.9999351478
0.9999355490
0.9999359513
0.9999363549
0.9999367596
0.9999371655
0.9999375726
0.9999379809
0.9999383904
0.9999388012
0.9999392132
0.9999396265
0.9999400410
0.9999404568
0.9999408739
0.9999412923
0.9999417120
0.9999421330
0.9999425554
0.9999429790
0.9999434041
0.9999438305
0.9999442582
0.9999446874
0.9999451179
0.9999455498
0.9999459831
0.9999464179
0.9999468541
0.9999472917
0.9999477308
0.9999481714
0.9999486134
0.9999490569
0.9999495019
0.9999499484
0.9999503964
0.9999508459
0.9999512970
0.9999517496
0.9999522038
0.9999526596
0.9999531169
0.9999535758
0.9999540363
0.9999544984
0.9999549621
0.9999554275
0.9999558945
0.9999563632
0.9999568335
0.9999573055
0.9999577791
0.9999582545
0.9999587315
0.9999592103
0.9999596908
0.9999601730
0.9999606570
0.9999611427
0.9999616302
0.9999621195
0.9999626105
0.9999631034
0.9999635980
0.9999640945
0.9999645928
0.9999650929
0.9999655949
0.9999660987
0.9999666044
0.9999671120
0.9999676215
0.9999681328
0.9999686461
0.9999691613
0.9999696784
0.9999701975
0.9999707185
0.9999712415
0.9999717665
0.9999722934
0.9999728224
0.9999733533
0.9999738862
0.9999744212
0.9999749582
0.9999754973
0.9999760384
0.9999856623
0.9999968877
0.9999867243
0.9999551601
0.9999121001
0.9998554909
0.9997849030
0.9997003460
0.9996019719
0.9994898452
0.9993634810
0.9992228717
0.9990676688
0.9988976569
0.9987129733
0.9985133203
0.9982994432
0.9980722679
0.9978319706
0.9975802895
0.9973168027
0.9970402591
0.9967507297
0.9964480103
0.9961320527
0.9958030285
0.9954609767
0.9951058724
0.9947377135
0.9943565051
0.9939621999
0.9935549134
0.9931350413
0.9927022630
0.9922554752
0.9917948602
0.9913208777
0.9908333757
0.9903342085
0.9898231794
0.9893025976
0.9887743037
0.9882346931
0.9876821195
0.9871162131
0.9865347488
0.9859395468
0.9853334585
0.9847160950
0.9840889469
0.9834518276
0.9828033241
0.9821435003
0.9814715150
0.9807870525
0.9800907909
0.9793826878
0.9786634845
0.9779338482
0.9771935958
0.9764428934
0.9756816435
0.9749096500
0.9741269753
0.9733335942
0.9725294392
0.9717175460
0.9708986698
0.9700687345
0.9692266817
0.9683734577
0.9675093628
0.9666339450
0.9657466251
0.9648480078
0.9639383631
0.9630183846
0.9620912119
0.9611563918
0.9602146158
0.9592660701
0.9583072354
0.9573378984
0.9563572466
0.9553645757
0.9543611475
0.9533470703
0.9523234933
0.9512920245
0.9502521948
0.9492044749
0.9481483928
0.9470815134
0.9460042715
0.9449213879
0.9438330877
0.9427371099
0.9416336544
0.9405204529
0.9393966784
0.9382622132
0.9371155383
0.9359593708
0.9347970148
0.9336276896
0.9324523756
0.9312705749
0.9300800406
0.9288809575
0.9276741574
0.9264594773
0.9252383891
0.9240111197
0.9227780195
0.9215402623
0.9202951211
0.9190402746
0.9177765602
0.9165032790
0.9152215420
0.9139350770
0.9126430727
0.9113435675
0.9100367097
0.9087211826
0.9073965569
0.9060647364
0.9047257838
0.9033810949
0.9020317939
0.9006771218
0.8993167471
0.8979507736
0.8965793149
0.8952021732
0.8938185496
0.8924285410
0.8910319402
0.8896287317
0.8882191794
0.8868033560
0.8853810435
0.8839520997
0.8825168071
0.8810748670
0.8796274055
0.8781758617
0.8767199034
0.8752600365
0.8737959831
0.8723267275
0.8708523675
0.8693723528
0.8678865352
0.8663961317
0.8649016732
0.8634016739
0.8618950330
0.8603835960
0.8588686414
0.8573497272
0.8558271770
0.8543005461
0.8527687916
0.8512319676
0.8496883644
0.8481379397
0.8465865745
0.8450352851
0.8434796103
0.8419187697
0.8403524497
0.8387797452
0.8372019575
0.8356196268
0.8340335149
0.8324456171
0.8308554940
0.8292639031
0.8276704738
0.8260713804
0.8244666539
0.8228576795
0.8212442960
0.8196280233
0.8180091231
0.8163883435
0.8147664598
0.8131429695
0.8115179598
0.8098908326
0.8082604427
0.8066266781
0.8049872590
0.8033425123
0.8016944011
0.8000427537
0.7983893781
0.7967344881
0.7950785304
0.7934222233
0.7917641009
0.7901033215
0.7884398616
0.7867730656
0.7851032243
0.7834305615
0.7817551043
0.7800772743
0.7783970225
0.7767153908
0.7750323757
0.7733483843
0.7716637079
0.7699775818
0.7682899202
0.7666001385
0.7649068733
0.7632119298
0.7615177738
0.7598239028
0.7581313153
0.7564395848
0.7547459708
0.7530507309
0.7513511564
0.7496466393
0.7479392687
0.7462285061
0.7445179954
0.7428100910
0.7411038322
0.7394002288
0.7376972903
0.7359911796
0.7342827294
0.7325709928
0.7308563175
0.7291435263
0.7274326992
0.7257222493
0.7240122455
0.7223015697
0.7205898294
0.7188769712
0.7171627013
0.7154472839
0.7137306268
0.7120132743
0.7102964595
0.7085801780
0.7068664637
0.7051550947
0.7034422284
0.7017275941
0.7000126403
0.6982974639
0.6965824738
0.6948677303
0.6931537288
0.6914410436
0.6897293736
0.6880184018
0.6863084697
0.6846005301
0.6828943600
0.6811896414
0.6794864647
0.6777826515
0.6760781683
0.6743721967
0.6726639212
0.6709555273
0.6692474020
0.6675410665
0.6658394975
0.6641399148
0.6624380539
0.6607356331
0.6590350788
0.6573362637
0.6556428399
0.6539549179
0.6522694536
0.6505866267
0.6489037796
0.6472199056
0.6455354351
0.6438493667
0.6421640688
0.6404820693
0.6388029713
0.6371288141
0.6354581154
0.6337846899
0.6321092928
0.6304345527
0.6287601594
0.6270893932
0.6254231595
0.6237598227
0.6220995544
0.6204405621
0.6187807422
0.6171219280
0.6154653446
0.6138113744
0.6121625618
0.6105182739
0.6088776262
0.6072407223
0.6056049834
0.6039702648
0.6023366150
0.6007034006
0.5990730246
0.5974476859
0.5958239671
0.5941983946
0.5925737665
0.5909533866
0.5893360627
0.5877208335
0.5861076525
0.5844935661
0.5828782983
0.5812696846
0.5796689498
0.5780729701
0.5764816152
0.5748932662
0.5733066386
0.5717223897
0.5701406829
0.5685614058
0.5669844098
0.5654097450
0.5638375318
0.5622677393
0.5606997906
0.5591334702
0.5575713998
0.5560145166
0.5544598478
0.5529060744
0.5513547360
0.5498063429
0.5482611632
0.5467201649
0.5451826856
0.5436474206
0.5421148810
0.5405870608
0.5390637746
0.5375415399
0.5360198677
0.5345018774
0.5329878032
0.5314788597
0.5299758814
0.5284783321
0.5269869091
0.5254997074
0.5240142175
0.5225303215
0.5210437361
0.5195562408
0.5180787644
0.5166109831
0.5151439535
0.5136769244
0.5122108663
0.5107446578
0.5092825922
0.5078261544
0.5063768861
0.5049388345
0.5035081328
0.5020797741
0.5006544040
0.4992293642
0.4978050214
0.4963807898
0.4949566054
0.4935334729
0.4921109476
0.4906919387
0.4892757815
0.4878678995
0.4864732575
0.4850878844
0.4837111905
0.4823396951
0.4809628956
0.4795837810
0.4782059242
0.4768290519
0.4754578477
0.4740922738
0.4727333632
0.4713816041
0.4700359278
0.4686971418
0.4673617739
0.4660273040
0.4646938410
0.4633591838
0.4620250246
0.4606941854
0.4593666780
0.4580467838
0.4567341357
0.4554307987
0.4541376753
0.4528492214
0.4515647042
0.4502824897
0.4490008906
0.4477215611
0.4464458345
0.4451725875
0.4439004129
0.4426298067
0.4413608608
0.4400938274
0.4388318914
0.4375747422
0.4363258533
0.4350863185
0.4338518664
0.4326218745
0.4313948709
0.4301689768
0.4289461316
0.4277268701
0.4265127545
0.4253077385
0.4241113234
0.4229274632
0.4217551016
0.4205781230
0.4193962055
0.4182132307
0.4170285867
0.4158469390
0.4146699620
0.4134976554
0.4123310045
0.4111691977
0.4100117470
0.4088585023
0.4077081709
0.4065614069
0.4054211499
0.4042871433
0.4031576052
0.4020324599
0.4009118471
0.3997955108
0.3986845112
0.3975791083
0.3964797947
0.3953881055
0.3943017521
0.3932183942
0.3921373313
0.3910523283
0.3899654001
0.3888863715
0.3878147075
0.3867505312
0.3856944979
0.3846429159
0.3835955118
0.3825499654
0.3815036071
0.3804598108
0.3794214161
0.3783872552
0.3773576365
0.3763315704
0.3753038261
0.3742755869
0.3732551048
0.3722418640
0.3712409707
0.3702552291
0.3692735045
0.3682923121
0.3673127541
0.3663347486
0.3653570971
0.3643777522
0.3633977325
0.3624173301
0.3614372507
0.3604616029
0.3594900267
0.3585281181
0.3575756998
0.3566355994
0.3557102476
0.3547912251
0.3538770306
0.3529632168
0.3520432795
0.3511225685
0.3502045849
0.3492905710
0.3483878951
0.3474953561
0.3466159100
0.3457497278
0.3448802754
0.3440071688
0.3431262453
0.3422341355
0.3413389028
0.3404415916
0.3395481895
0.3386648701
0.3377918931
0.3369348278
0.3360918090
0.3352626008
0.3344463175
0.3336317281
0.3328203040
0.3319931932
0.3311428800
0.3303009473
0.3294769127
0.3286656943
0.3278706730
0.3270835387
0.3262966088
0.3255093997
0.3247124197
0.3239099703
0.3231132895
0.3223211072
0.3215353577
0.3207563032
0.3199811531
0.3192090640
0.3184423087
0.3176817171
0.3169267209
0.3161796946
0.3154345232
0.3146836091
0.3139279132
0.3131598250
0.3123842175
0.3116253150
0.3108810080
0.3101552495
0.3094492963
0.3087554218
0.3080747208
0.3073966268
0.3067172170
0.3060337316
0.3053413517
0.3046415594
0.3039319489
0.3032157308
0.3025005096
0.3017864717
0.3010893413
0.3004081517
0.2997463769
0.2991066548
0.2984755732
0.2978564601
0.2972246184
0.2965567353
0.2958797897
0.2952148514
0.2945551088
0.2939008540
0.2932529796
0.2926161500
0.2919897598
0.2913748588
0.2907719125
0.2901753370
0.2895863624
0.2889949957
0.2883983132
0.2877948033
0.2871796274
0.2865595359
0.2859390275
0.2853211589
0.2847181685
0.2841278151
0.2835542056
0.2829967229
0.2824384242
0.2818800682
0.2813114239
0.2807282965
0.2801399674
0.2795455388
0.2789564102
0.2783831792
0.2778225362
0.2772776363
0.2767449212
0.2762164711
0.2756927074
0.2751635678
0.2746294195
0.2741014550
0.2735794419
0.2730700079
0.2725810634
0.2720884088
0.2715787468
0.2710600828
0.2705294068
0.2699977026
0.2694870495
0.2689908187
0.2685078583
0.2680365348
0.2675503226
0.2670494330
0.2665429181
0.2660290102
0.2655215435
0.2650231293
0.2645394248
0.2640764857
0.2636306365
0.2632039917
0.2627895109
0.2623723666
0.2619541504
0.2615238854
0.2610832072
0.2606441024
0.2602075032
0.2597646357
0.2593141245
0.2588567762
0.2583877739
0.2579221197
0.2574688849
0.2570296820
0.2566194382
0.2562238845
0.2558116341
0.2553893798
0.2549602192
0.2545237943
0.2540958794
0.2536761995
0.2532725100
0.2528897497
0.2525155530
0.2521493606
0.2517794963
0.2513897208
0.2509919977
0.2506000370
0.2502075197
0.2498032788
0.2493897251
0.2489727779
0.2485512817
0.2481430607
0.2477484356
0.2473757484
0.2470367676
0.2466981839
0.2463398637
0.2459733197
0.2455974161
0.2452208840
0.2448626380
0.2445193261
0.2441984766
0.2438983415
0.2436048895
0.2433200333
0.2430223188
0.2427053929
0.2423864625
0.2420720342
0.2417553741
0.2414328125
0.2411076883
0.2407833890
0.2404579512
0.2401300929
0.2397987199
0.2394531734
0.2390945870
0.2387388293
0.2383828910
0.2380562669
0.2377682336
0.2375028598
0.2372665536
0.2370269225
0.2367589156
0.2364625835
0.2361119073
0.2357267159
0.2353385094
0.2349518410
0.2346715238
0.2344943686
0.2343158809
0.2341351784
0.2339138058
0.2336318599
0.2333211377
0.2329809999
0.2326432326
0.2323425213
0.2320727168
0.2318545576
0.2316732707
0.2314924927
0.2313145140
0.2310917853
0.2308256095
0.2305149282
0.2301501141
0.2297801780
0.2294098538
0.2290719742
0.2288061473
0.2285707438
0.2283304495
0.2280961483
0.2278576548
0.2276268682
0.2274649030
0.2273636742
0.2272688975
0.2271845922
0.2270669088
0.2269075246
0.2267086697
0.2264592033
0.2261884703
0.2259151919
0.2256395264
0.2253786685
0.2251207434
0.2248396559
0.2245441908
0.2242621537
0.2239908954
0.2237605444
0.2235694331
0.2234448205
0.2234265829
0.2233774920
0.2232167099
0.2230053933
0.2227632255
0.2225010514
0.2222474210
0.2220060372
0.2218278066
0.2217006214
0.2215783840
0.2214640489
0.2213379797
0.2211968386
0.2210474916
0.2208860442
0.2207305285
0.2206006415
0.2204696223
0.2203070640
0.2201342260
0.2199792888
0.2198338471
0.2196910256
0.2195507825
0.2193894870
0.2192038790
0.2190342927
0.2188926437
0.2187454792
0.2185798407
0.2184081135
0.2182320839
0.2180574599
0.2178998355
0.2177455431
0.2175669786
0.2173713451
0.2171642443
0.2169452325
0.2167657058
0.2166244149
0.2165454737
0.2165265768
0.2165135019
0.2165006258
0.2164548979
0.2162401003
0.2159222739
0.2156535308
0.2154260042
0.2153522277
0.2153378419
0.2153233049
0.2153130743
0.2152560776
0.2150763102
0.2148408878
0.2145478815
0.2142761828
0.2140481931
0.2139241198
0.2139236160
0.2139267817
0.2139619467
0.2140275254
0.2140355773
0.2140266837
0.2139722765
0.2137509936
0.2134488922
0.2130468384
0.2127142734
0.2125076921
0.2124228978
0.2124160313
0.2124148365
0.2124370109
0.2124876042
0.2125371965
0.2125846940
0.2125774003
0.2125631338
0.2124971178
0.2123645965
0.2121870196
0.2119591711
0.2117189361
0.2114767005
0.2112463930
0.2110354915
0.2108633009
0.2107774269
0.2107500329
0.2107338899
0.2107292978
0.2107357094
0.2107694570
0.2108051317
0.2108456020
0.2108594820
0.2108447912
0.2108257469
0.2108052529
0.2107923504
0.2108154238
0.2108618289
0.2109055391
0.2109444086
0.2109477702
0.2109368200
0.2109025421
0.2108314967
0.2106731874
0.2104095530
0.2101178129
0.2098091558
0.2095130181
0.2092476881
0.2090244440
0.2088579580
0.2087627809
0.2087579867
0.2087590455
0.2087616168
0.2087669380
0.2087833687
0.2088123934
0.2088380465
0.2088602629
0.2088686388
0.2088616795
0.2088524204
0.2088449447
0.2088401084
0.2088400034
0.2088400347
0.2088400922
0.2088402542
0.2088411877
0.2088436933
0.2088456375
0.2088469914
0.2088465863
0.2088332138
0.2088188341
0.2088150795
0.2088052964
0.2085769945
0.2079040060
0.2067982724
0.2052721578
0.2033380265
0.2010082426
0.1982951702
0.1952111734
0.1917686164
0.1879798634
0.1838572784
0.1794132257
0.1746600693
0.1696101735
0.1642759022
0.1586696198
0.1528036904
0.1466904780
0.1403423469
0.1337716611
0.1269907848
0.1200120822
0.1128479174
0.1055106546
0.0980126578
0.0903662913
0.0825839191
0.0746779055
0.0666606146
0.0585444104
0.0503416572
0.0420647191
0.0337259602
0.0253377447
0.0169124368
0.0084624005
0.0042312002
